{
    "accuracy": 0.67,
    "precision": 0.6976744186046512,
    "recall": 0.6,
    "auc": 0.7495999999999999
}